image_width: 752
image_height: 480
camera_name: cam0
camera_matrix:
  rows: 3
  cols: 3
  data: [466.1934419081542, 0.0, 368.5270979071325, 0.0, 464.6778903643547, 228.2504759831114, 0.0, 0.0, 1.0]
distortion_model: plumb_bob
distortion_coefficients:
  rows: 1
  cols: 5
  data:  [-0.2949073143723929, 0.0861183184122628, -0.0003773297173958847, -0.0005139905380028176, 0.0]
rectification_matrix:
  rows: 3
  cols: 3
  data: [0.9999662253908055, 0.0012167240196736123, -0.008128201543077645, -0.00123142707670882, 0.9999976143402003, -0.0018041344913520734, 0.008125987018183612, 0.0018140828448797777, 0.9999653381184831]
projection_matrix:
  rows: 3
  cols: 4
  data:  [436.2752458915671, 0.0, 380.8443374633789, 0.0, 0.0, 436.2752458915671, 232.04424667358398, 0.0, 0.0, 0.0, 1.0, 0.0]
